encoded_samples = [ 0.00809636 -0.99996716],
[0.9999848  0.00551715],
[ 0.00809636 -0.99996716],
[ 0.00809636 -0.99996716],
[0.9999848  0.00551715],
[ 0.00809636 -0.99996716],
[ 0.00809636 -0.99996716],
[ 0.00809636 -0.99996716],
[ 0.00809636 -0.99996716],
[ 0.00809636 -0.99996716],
[0.9999848  0.00551715],
[ 0.00809636 -0.99996716],
[0.9999848  0.00551715],
[0.9999848  0.00551715],
[0.9999848  0.00551715],
[0.9999848  0.00551715],
[ 0.00809636 -0.99996716],
[ 0.00809636 -0.99996716],
[0.9999848  0.00551715],
[0.9999848  0.00551715],
[0.9999848  0.00551715],
[ 0.00809636 -0.99996716],
[ 0.00809636 -0.99996716],
[0.9999848  0.00551715],
[ 0.00809636 -0.99996716],
[ 0.00809636 -0.99996716],
[0.9999848  0.00551715],
[0.9999848  0.00551715],
[0.9999848  0.00551715],
[0.9999848  0.00551715],
[ 0.00809636 -0.99996716],
[ 0.00809636 -0.99996716],
[0.9999848  0.00551715],
[ 0.00809636 -0.99996716],
[0.9999848  0.00551715],
[0.9999848  0.00551715],
[ 0.00809636 -0.99996716],
[ 0.00809636 -0.99996716],
[0.9999848  0.00551715],
[ 0.00809636 -0.99996716],
[ 0.00809636 -0.99996716],
[ 0.00809636 -0.99996716],
[ 0.00809636 -0.99996716],
[0.9999848  0.00551715],
[0.9999848  0.00551715],
[0.9999848  0.00551715],
[ 0.00809636 -0.99996716],
[0.9999848  0.00551715],
[ 0.00809636 -0.99996716],
[ 0.00809636 -0.99996716],
