encoded_samples = [-0.9999988   0.00154504],
[-0.9999988   0.00154504],
[-0.9999988   0.00154504],
[-5.40665e-05 -1.00000e+00],
[-0.9999988   0.00154504],
[-0.9999988   0.00154504],
[-5.40665e-05 -1.00000e+00],
[-5.40665e-05 -1.00000e+00],
[-0.9999988   0.00154504],
[-0.9999988   0.00154504],
[-0.9999988   0.00154504],
[-0.9999988   0.00154504],
[-5.40665e-05 -1.00000e+00],
[-5.40665e-05 -1.00000e+00],
[-5.40665e-05 -1.00000e+00],
[-5.40665e-05 -1.00000e+00],
[-5.40665e-05 -1.00000e+00],
[-5.40665e-05 -1.00000e+00],
[-0.9999988   0.00154504],
[-5.40665e-05 -1.00000e+00],
[-0.9999988   0.00154504],
[-0.9999988   0.00154504],
[-5.40665e-05 -1.00000e+00],
[-0.9999988   0.00154504],
[-0.9999988   0.00154504],
[-5.40665e-05 -1.00000e+00],
[-0.9999988   0.00154504],
[-5.40665e-05 -1.00000e+00],
[-5.40665e-05 -1.00000e+00],
[-5.40665e-05 -1.00000e+00],
[-5.40665e-05 -1.00000e+00],
[-0.9999988   0.00154504],
[-0.9999988   0.00154504],
[-5.40665e-05 -1.00000e+00],
[-0.9999988   0.00154504],
[-5.40665e-05 -1.00000e+00],
[-0.9999988   0.00154504],
[-5.40665e-05 -1.00000e+00],
[-5.40665e-05 -1.00000e+00],
[-0.9999988   0.00154504],
[-0.9999988   0.00154504],
[-5.40665e-05 -1.00000e+00],
[-5.40665e-05 -1.00000e+00],
[-5.40665e-05 -1.00000e+00],
[-0.9999988   0.00154504],
[-5.40665e-05 -1.00000e+00],
[-0.9999988   0.00154504],
[-5.40665e-05 -1.00000e+00],
[-5.40665e-05 -1.00000e+00],
[-5.40665e-05 -1.00000e+00],
