encoded_samples = [0.00337344 0.99999434],
[-1.00000000e+00 -1.06679974e-04],
[0.00337344 0.99999434],
[-1.00000000e+00 -1.06679974e-04],
[-1.00000000e+00 -1.06679974e-04],
[-1.00000000e+00 -1.06679974e-04],
[-1.00000000e+00 -1.06679974e-04],
[-1.00000000e+00 -1.06679974e-04],
[-1.00000000e+00 -1.06679974e-04],
[-1.00000000e+00 -1.06679974e-04],
[0.00337344 0.99999434],
[-1.00000000e+00 -1.06679974e-04],
[0.00337344 0.99999434],
[0.00337344 0.99999434],
[-1.00000000e+00 -1.06679974e-04],
[0.00337344 0.99999434],
[0.00337344 0.99999434],
[0.00337344 0.99999434],
[0.00337344 0.99999434],
[-1.00000000e+00 -1.06679974e-04],
[-1.00000000e+00 -1.06679974e-04],
[0.00337344 0.99999434],
[-1.00000000e+00 -1.06679974e-04],
[0.00337344 0.99999434],
[-1.00000000e+00 -1.06679974e-04],
[0.00337344 0.99999434],
[-1.00000000e+00 -1.06679974e-04],
[-1.00000000e+00 -1.06679974e-04],
[0.00337344 0.99999434],
[-1.00000000e+00 -1.06679974e-04],
[-1.00000000e+00 -1.06679974e-04],
[-1.00000000e+00 -1.06679974e-04],
[0.00337344 0.99999434],
[0.00337344 0.99999434],
[0.00337344 0.99999434],
[0.00337344 0.99999434],
[0.00337344 0.99999434],
[0.00337344 0.99999434],
[-1.00000000e+00 -1.06679974e-04],
[0.00337344 0.99999434],
[-1.00000000e+00 -1.06679974e-04],
[-1.00000000e+00 -1.06679974e-04],
[0.00337344 0.99999434],
[-1.00000000e+00 -1.06679974e-04],
[-1.00000000e+00 -1.06679974e-04],
[0.00337344 0.99999434],
[-1.00000000e+00 -1.06679974e-04],
[-1.00000000e+00 -1.06679974e-04],
[-1.00000000e+00 -1.06679974e-04],
[-1.00000000e+00 -1.06679974e-04],
